1642885201,0.6,20753,6
1642888801,19.2,30854,189
1642892401,7.8,26693,79
1642896001,3.6,27746,38
1642899602,0.6,29855,18
1642903201,3,27281,29
1642906801,0.6,32976,6
1642910401,2.4,24888,12
1642914002,0.6,41111,22
1642917601,0.6,41111,22
1642921201,0.6,32976,6
1642924801,0,41064,4
1642928402,1.2,28864,9
1642935601,0,41064,4
1642939201,6,21413,21
1642942801,13.2,22715,82
1642946401,0.6,15272,33
1642950001,1.2,28932,8
1642953601,2.4,28341,10
1642957201,0,41064,4
1642960802,1.8,29032,33
1642964401,1.8,29618,9
1642968001,68.4,18111,74
1642971601,0,38515,5
1642975201,23.4,19717,78
1642978801,24.6,18099,75
1642982401,42,17608,120
1642986001,1.8,26494,10
1642989601,19.2,19448,55
1642993201,0,41064,4
1642996801,0,41064,4
1643000401,0.6,41111,22
1643004001,0.6,41112,22
1643007602,1.8,26507,10
1643011201,0,41068,4
1643014801,0,38518,5
1643018401,0,41068,4
1643025601,0,41068,4
1643029201,1.2,28934,8
1643032801,0.6,15295,33
1643036401,13.8,19544,42
1643040002,0,41068,4
1643043601,1.8,28934,8
1643047201,0,41068,4
1643050801,0,41068,4
1643054401,0,41068,4
1643058001,0,38518,5
1643061601,0,41068,4
1643065201,0,41068,4
1643068801,0,41068,4
1643072401,1.2,28934,8
1643076002,0,41069,6
1643079602,0,41068,4
1643083201,0,41068,4
1643086801,0.6,41112,22
1643090401,0.6,41113,22
1643094001,0,41072,4
1643097601,1.2,28934,8
1643101201,0,38518,5
1643108401,0,41068,4
1643112002,0,41068,4
1643115601,0,41072,4
1643119201,0.6,15371,33
1643122801,1.2,28936,8
1643126401,0,41068,4
1643130001,0,41068,4
1643133601,0,41068,4
1643137202,0,41068,4
1643140801,0,41068,4
1643144401,0.6,34901,6
1643148001,1.8,28934,8
1643151602,0,41068,4
1643155201,0,41068,4
1643158801,0,41068,4
1643162401,0,41069,6
1643166001,0,41072,4
1643169601,1.2,28934,8
1643173201,0.6,41113,22
1643176801,0,41113,22
1643180401,0,41068,4
1643184002,0,41068,4
1643187601,0,38522,5
1643191202,0,41072,4
1643194802,1.2,28934,8
1643202001,0,41072,4
1643205601,0.6,16482,23
1643209202,0,41068,4
1643212802,0,41064,4
1643216401,1.2,28932,8
1643220001,0,41064,4
1643223601,0,41064,4
1643227201,0,41064,4
1643230802,0,38515,5
1643234402,0,41064,4
1643238001,1.2,28932,8
1643241601,0,41064,4
1643245202,0,41064,4
1643248801,0,41067,6
1643252401,0,41064,4
1643256001,0,41064,4
1643259602,1.8,37371,26
1643263202,0.6,41111,22
1643266801,0,41064,4
1643270401,0,41064,4
1643274001,0,38515,5
1643277602,0,41064,4
1643284801,0,41064,4
1643288401,0,41064,4
1643292001,0.6,18674,19
1643295601,0,41064,4
1643299201,0,41064,4
1643302802,1.8,28932,8
1643306401,0.6,32979,6
1643310001,23.4,19145,65
1643313601,0,41064,4
1643317202,0,38515,5
1643320801,0,41064,4
1643324401,1.2,28932,8
1643328001,0,41064,4
1643331602,0,41064,4
1643335201,0,41067,6
1643338802,0,41064,4
1643342401,0,41064,4
1643346002,0.6,41112,22
1643349601,1.8,37372,26
1643353201,0,41072,4
1643356801,0,41072,4
1643364001,0,41072,4
1643367601,0,41068,4
1643371201,0,41072,4
1643374802,1.2,28936,8
1643378401,0.6,16612,23
1643382001,0,41064,4
1643385602,0,41064,4
1643389201,0,41064,4
1643392802,8.4,21403,25
1643396402,3,24271,13
1643400001,12,19665,34
1643403601,6.6,22530,19
1643407202,0,41064,4
1643410801,0,41064,4
1643414401,0,41064,4
1643418001,0,41064,4
1643421601,1.2,31360,10
1643425201,0,41064,4
1643428801,0,41064,4
1643432401,0.6,41111,22
1643436001,1.2,39085,24
1643439601,0,41064,4
1643443202,0,41064,4
1643446801,1.2,28864,9
1643450401,0,41064,4
1643454001,0,41064,4
1643461202,12,18552,65
1643464801,1.2,33301,7
1643468401,0,41064,4
1643472002,1.2,30665,7
1643475602,1.2,28932,8
1643479201,0,41064,4
1643482801,0.6,36211,5
1643486401,9.6,32654,164
1643490001,34.2,29421,336
1643493602,26.4,33547,118
1643497201,0.6,32976,6
1643500802,1.2,28932,8
1643504401,1.2,28455,18
1643508001,0,41067,6
1643511601,0.6,29141,17
1643515201,0,41064,4
1643518802,1.2,39095,24
1643522401,0.6,41114,22
1643526001,1.2,28932,8
1643529601,0,41064,4
1643533201,0,38515,5
1643540401,0,41064,4
1643544001,0,41064,4
1643547601,0.6,15285,33
1643551201,0,41064,4
1643554801,1.2,28932,8
1643558401,0,41064,4
1643562001,12.6,19759,39
1643565601,1.2,28920,8
1643569201,0.6,36211,5
1643572801,0,41064,4
1643576401,0,38515,5
1643580001,0,41064,4
1643583601,1.2,28932,8
1643587201,1.8,29113,33
1643590801,0,41064,4
1643594402,0,41067,6
1643598001,0,41064,4
1643601601,0,41064,4
1643605201,0.6,41114,22
1643608801,0.6,41115,22
1643612401,1.8,28934,8
1643616002,0,41068,4
1643619601,0,38518,5
1643623201,0,41068,4
1643626801,0,41068,4
1643634001,25.2,18307,65
1643637601,4.2,15505,42
1643641201,31.8,34512,155
1643644801,6,30076,25
1643648401,3.6,34204,18
1643652001,3.6,35212,17
1643655602,10.8,21268,30
1643659202,10.8,21571,32
1643662801,2.4,28337,11
1643666401,0,41068,4
1643670001,10.2,22306,31
1643673601,12.6,21914,37
1643677201,4.8,24010,16
1643680801,0,41072,6
1643684401,0,41072,4
1643688001,0,41068,4
1643691601,0.6,41115,22
1643695201,0.6,41115,22
1643698801,0,41068,4
1643702401,1.2,28934,8
1643706001,0,38518,5
1643709602,0,41072,4
1643716801,36.6,33714,153
1643720401,6.6,23192,21
1643724001,26.4,17179,100
1643727601,1.8,30674,7
1643731202,1.8,28932,8
1643734801,0,41064,4
1643738401,0.6,32968,6
1643742001,27.6,18768,68
1643745602,10.2,20929,28
1643749201,64.8,20210,206
1643752801,11.4,23223,38
1643756401,28.2,19030,87
1643760001,1.2,28932,8
1643763601,0,41064,4
1643767202,0,41064,4
1643770801,0,41067,6
1643774402,0,41064,4
1643778001,0.6,40057,23
1643781601,0,41121,22
1643788801,0,41064,4
1643792402,1.2,28864,9
1643796001,0,41064,4
1643799601,0,41064,4
1643803201,1.8,31226,8
1643806801,9,21231,26
1643810401,25.8,16651,93
1643814001,79.8,17492,197
1643817601,32.4,18680,81
1643821201,3.6,26369,14
1643824801,7.8,21430,25
1643828401,53.4,17512,142
1643832001,31.8,18006,82
1643835601,5.4,23146,40
1643839201,16.8,21601,47
1643842801,46.2,24791,155
1643846401,18.6,23621,93
1643850002,20.4,25650,65
1643853602,0,41068,4
1643857202,0,41068,4
1643860801,0,41068,4
1643864401,0.6,41115,22
1643868001,0.6,41115,22
1643871601,0,41068,4
1643875202,1.2,28934,8
1643878801,0,38518,5
1643882401,0,41068,4
1643886001,0,41068,4
1643893201,21.6,19851,110
1643896801,1.8,15562,35
1643900401,30,18119,75
1643904001,1.8,28934,8
1643907601,0,41068,4
1643911202,31.8,37258,118
1643914801,30,18295,65
1643918401,1.2,30656,7
1643922001,77.4,36440,311
1643925601,2.4,28920,8
1643929201,0,41068,4
1643932802,2.4,26507,10
1643936401,0,41069,6
1643940002,0,41068,4
1643943602,0,41068,4
1643947201,0.6,36214,5
1643950801,0.6,41115,22
1643954401,0.6,41115,22
1643958001,0,41068,4
1643961602,1.8,28934,8
1643965201,0,38518,5
1643968801,0,41068,4
1643972401,0,41068,4
1643979601,5.4,23731,14
1643983201,22.8,17213,77
1643986801,58.2,17248,152
1643990401,0,41068,4
1643994001,10.8,33694,70
1643997601,17.4,30115,58
1644001201,10.8,20079,30
1644004801,30,26951,118
1644008401,59.4,19284,164
1644012002,0,45104,6
1644015601,0,41064,4
1644019201,0.6,36211,5
1644022802,0,41067,6
1644026402,1.2,28932,8
1644030001,0,41064,4
1644033601,0,41064,4
1644037201,0,41114,22
1644040801,0,41114,22
1644044401,0,41064,4
1644048001,0,41064,4
1644051601,0,38515,5
1644058801,2.4,24888,12
1644062401,0.6,36211,5
1644066001,48,18255,117
1644069601,23.4,16214,89
1644073201,6.6,37424,45
1644076801,0.6,48354,10
1644080401,0.6,49156,12
1644084001,0.6,48181,10
1644087601,0.6,48877,12
1644091202,1.8,44116,22
1644094801,0.6,49043,19
1644098401,0.6,50454,20
1644102001,0,41064,4
1644105601,0,41064,4
1644109201,0,41067,6
1644112801,0,41064,4
1644116401,0.6,32976,6
1644120001,0,41064,4
1644123602,1.8,37374,26
1644127201,0.6,41114,22
1644130801,0,41064,4
1644134401,0,41064,4
1644138001,0,38515,5
1644145202,0,41064,4
1644148801,0,41064,4
1644152401,0.6,15080,33
1644156001,0,41064,4
1644159601,1.2,28932,8
1644163202,0,41064,4
1644166801,0,41064,4
1644170401,0,41064,4
1644174001,0,41064,4
1644177601,0,41068,4
1644181201,0,38518,5
1644184802,0,41068,4
1644188401,0.6,32979,6
1644192002,1.2,28934,8
1644195601,0.6,35002,8
1644199201,0,41068,4
1644202801,0,41068,4
1644206402,0,41068,4
1644210002,0.6,41115,22
1644213602,0.6,41115,22
1644217202,0,41068,4
1644224401,0,38518,5
1644228002,1.2,28934,8
1644231601,0,41068,4
1644235201,65.4,33142,183
1644238801,10.8,22449,27
1644242401,38.4,16510,126
1644246001,57.6,21401,161
1644249601,43.8,22305,117
1644253202,0,41068,4
1644256801,55.8,18587,148
1644260401,52.2,19712,125
1644264001,79.2,17681,202
1644267602,41.4,18288,98
1644271201,0,41064,4
1644274801,0,41064,4
1644278402,0,41064,4
1644282001,0,41067,6
1644285602,0,41064,4
1644289201,0,41064,4
1644292802,0,41064,4
1644296401,0.6,41114,22
1644300001,0.6,41121,22
1644303601,1.8,26507,10
1644307201,0,41068,4
1644310801,0,38518,5
1644314401,0,41068,4
1644321601,6.6,23512,20
1644325201,31.2,19847,74
1644328801,22.8,16439,83
1644332402,7.2,23493,20
1644336001,0,41068,4
1644339601,0,41068,4
1644343201,20.4,19476,50
1644346801,7.8,22300,21
1644350401,1.8,29637,9
1644354001,0.6,34907,6
1644357601,0,41068,4
1644361201,0,41068,4
1644364801,0,41069,6
1644368401,0,41068,4
1644372001,15.6,18995,44
1644375601,0,41068,4
1644379202,0,41068,4
1644382801,1.8,37380,26
1644386401,0.6,41114,22
1644390001,0,41068,4
1644393601,0,41068,4
1644400801,0,41068,4
1644404401,0,41068,4
1644408001,0,41068,4
1644411601,17.4,19278,47
1644415201,31.8,17328,94
1644418801,49.8,18466,116
1644422401,1.2,28934,8
1644426001,21.6,18570,56
1644429601,38.4,18494,92
1644433201,41.4,18311,92
1644436802,123.6,17773,200
1644440401,22.8,18971,51
1644444001,3.6,27125,13
1644447601,43.2,18351,65
1644451201,0,41069,6
1644454801,0,41068,4
1644458401,0,41068,4
1644462001,1.2,28934,8
1644465601,0,41068,4
1644469202,0.6,41114,22
1644472801,0.6,41114,22
1644480001,0,41068,4
1644483601,0,38518,5
1644487201,0,41068,4
1644490801,0,41068,4
1644494401,3.6,25681,13
1644498002,1.8,28970,8
1644501601,2.4,15262,37
1644505201,0,41068,4
1644508801,0,41068,4
1644512401,22.2,18976,54
1644516001,23.4,19071,52
1644519601,19.8,19116,43
1644523201,49.2,18141,103
1644526801,39,18922,88
1644530401,16.2,20069,36
1644534001,0,41068,4
1644537602,2.4,28935,12
1644541201,0,41068,4
1644544802,0,41068,4
1644548401,0,41068,4
1644552001,0,41068,4
1644555601,0.6,41115,22
1644559202,0.6,41115,22
1644562801,0,41068,4
1644566402,0,41068,4
1644570001,0,38518,5
1644573601,1.8,26507,10
1644577201,0.6,32971,6
1644584401,45,18077,95
1644588001,26.4,16206,82
1644591601,48,17844,99
1644595201,0,41068,4
1644598802,14.4,20150,35
1644602401,0,41068,4
1644606001,22.2,19156,50
1644609601,15.6,19875,38
1644613201,55.8,17752,122
1644616801,10.2,20449,27
1644620401,25.8,18372,73
1644624001,0,41069,6
1644627601,0,41068,4
1644631201,0,41068,4
1644634801,0,41068,4
1644638401,0,41068,4
1644642001,0.6,41128,40
1644645601,0,41068,4
1644649201,0,41068,4
1644652801,0,41068,4
1644660001,0,41068,4
1644663602,0,41068,4
1644667201,0,41068,4
1644670801,6,23603,17
1644674401,13.2,16400,44
1644678001,0,41068,4
1644681601,0,41068,4
1644685201,0,41068,4
1644688801,0,41068,4
1644692401,0,41064,4
1644696001,0,41064,4
1644699601,0,38515,5
1644703201,0,41064,4
1644706802,0,41064,4
1644710402,0,41067,6
1644714001,0,41064,4
1644717602,0,41064,4
1644721201,0,41064,4
1644724801,0,41064,4
1644728401,0.6,41123,40
1644732001,0,41064,4
1644735601,0,41064,4
1644739201,0,41064,4
1644742802,0,38515,5
1644750002,0,41064,4
1644753602,0,41064,4
1644757202,0.6,18717,13
1644760801,0,41064,4
1644764401,0,41064,4
1644768001,0,41064,4
1644771601,0,41064,4
1644775201,0,41064,4
1644778801,0,41068,4
1644782401,0,41068,4
1644786002,0,38518,5
1644789601,0,41068,4
1644793202,0,41068,4
1644796801,0,41069,6
1644800401,0,41068,4
1644804001,0,41068,4
1644807601,0,41068,4
1644811201,0,41068,4
1644814801,0.6,41124,40
1644818401,0,41068,4
1644822001,0,41068,4
1644829201,0,38518,5
1644832801,0,41068,4
1644836401,0,41068,4
1644840001,6.6,24959,21
1644843601,44.4,17853,98
1644847201,53.4,17503,123
1644850801,34.2,17987,85
1644854401,0,41068,4
1644858001,18.6,18908,47
1644861601,14.4,20835,38
1644865201,7.8,22084,22
1644868801,133.8,18079,105
1644872401,36,18050,90
1644876001,10.2,20941,28
1644879601,1.8,27584,9
1644883201,0,41067,6
1644886801,0,41064,4
1644890401,0,41064,4
1644894001,0,41064,4
1644897601,0,41064,4
1644901201,0.6,41123,40
1644904801,0,41064,4
1644908401,0,41064,4
1644912001,0,41064,4
1644919201,0,41064,4
1644922801,0,41064,4
1644926401,4.8,24044,16
1644930001,1.2,32987,6
1644933601,3.6,15461,39
1644937201,0,41064,4
1644940801,0,41064,4
1644944401,8.4,21619,24
1644948001,16.8,21091,40
1644951601,17.4,19338,46
1644955201,8.4,23562,28
1644958802,18,20322,52
1644962401,0,41064,4
1644966001,0,41064,4
1644969601,22.8,22736,68
1644973201,7.2,24687,24
1644976801,1.8,28932,8
1644980402,0,41064,4
1644984001,1.8,27584,9
1644987601,0.6,41114,22
1644991202,0.6,41121,22
1644994801,0,41064,4
1644998402,0,41064,4
1645002001,0,38515,5
1645009202,0,41064,4
1645012802,6,23506,20
1645016401,15.6,20559,36
1645020001,51,17501,144
1645023601,49.2,19607,48
1645027202,12,19961,31
1645030801,29.4,18861,74
1645034401,47.4,18319,124
1645038001,16.8,20825,47
1645041602,69,18248,168
1645045201,25.2,19739,62
1645048802,43.8,18071,119
1645052401,0,41064,4
1645056001,2.4,30471,12
1645059601,84.6,17728,221
1645063201,0,41064,4
1645066802,2.4,26506,10
1645070402,7.8,22438,27
1645074001,0.6,41123,40
1645077602,0,41064,4
1645081201,0,41064,4
1645084801,0,41064,4
1645092001,0,41064,4
1645095601,1.8,29628,9
1645099202,4.2,25154,16
1645102801,61.2,17596,146
1645106401,59.4,17008,165
1645110001,9,20863,24
1645113601,5.4,23265,15
1645117202,7.2,21002,23
1645120801,17.4,20762,48
1645124401,38.4,19092,99
1645128002,18,19983,48
1645131601,41.4,17830,108
1645135201,4.2,23731,14
1645138801,51,40783,320
1645142401,0,41067,6
1645146001,1.8,27869,28
1645149601,0,41064,4
1645153201,0,41064,4
1645156802,0,41064,4
1645160402,0.6,41123,40
1645164001,0,41064,4
1645167602,0,41064,4
1645171202,0,41064,4
1645174801,0,38515,5
1645178402,0,41064,4
1645182002,0,41064,4
1645189201,30,18834,76
1645192801,27,16225,90
1645196401,7.8,22884,22
1645200001,0,41064,4
1645203601,12,31288,56
1645207201,27,19490,71
1645210801,51,18727,129
1645214401,88.2,32273,357
1645218001,31.8,25987,108
1645221601,5.4,21328,62
1645225202,0,41064,4
1645228801,0,41067,6
1645232402,11.4,21123,31
1645236001,16.8,22584,71
1645239601,32.4,25333,186
1645243201,6.6,48962,52
1645246801,0.6,41123,40
1645250401,0,41068,4
1645254001,0,41068,4
1645257601,0,41068,4
1645261201,0,38518,5
1645264802,0,41068,4
1645268402,0,41068,4
1645275601,0,41068,4
1645279201,0.6,14870,33
1645282802,0,41068,4
1645286401,3,43769,48
1645290001,21,30128,67
1645293601,33,21327,98
1645297201,1.2,32992,6
1645300801,8.4,20428,27
1645304401,67.2,17870,175
1645308001,15,18939,46
1645311601,0,41068,4
1645315201,0,41069,6
1645318801,0.6,32979,6
1645322402,1.8,26506,10
1645326001,0,41064,4
1645329601,0,41064,4
1645333201,0.6,41123,40
1645336802,0,41064,4
1645340401,0,41064,4
1645344001,0,41064,4
1645347601,0,38515,5
1645354802,0,41064,4
1645358401,0,41064,4
1645362002,0,41064,4
1645365601,0.6,14813,33
1645369201,0,41064,4
1645372802,0,41064,4
1645376401,1.8,29623,9
1645380001,0,41064,4
1645383602,0,41064,4
1645387201,0,41064,4
1645390801,0,38515,5
1645394402,0,41064,4
1645398002,0,41064,4
1645401602,7.2,40310,56
1645405202,29.4,24862,101
1645408801,0,41064,4
1645412401,0,41064,4
1645416001,0,41064,4
1645419601,0.6,41127,40
1645423201,0,41064,4
1645426802,0,41064,4
1645434002,0,38515,5
1645437601,0,41064,4
1645441201,0,41064,4
1645444801,6,23246,18
1645448401,1.2,32989,6
1645452001,37.8,18685,131
1645455601,51,20561,129
1645459201,0,41064,4
1645462802,1.8,27584,9
1645466402,10.2,23914,130
1645470001,54.6,36459,283
1645473601,39.6,17121,144
1645477201,76.2,17599,183
1645480801,0,41064,4
1645484401,0,41064,4
1645488001,0,41067,6
1645491601,6.6,19671,30
1645495201,0,41068,4
1645498801,0,41068,4
1645502401,0,41068,4
1645506001,0.6,40058,23
1645509602,0.6,41122,22
1645513201,0,41068,4
1645516802,0,41068,4
1645524001,0,41068,4
1645527601,0,41068,4
1645531201,1.8,28916,8
1645534801,50.4,17745,121
1645538401,96,17314,259
1645542001,15.6,19819,38
1645545601,36,19109,90
1645549201,14.4,34034,85
1645552801,30.6,41203,166
1645556401,38.4,19926,96
1645560001,0,41068,4
1645563601,6.6,23487,19
1645567201,0.6,32971,6
1645570801,0.6,36214,5
1645574401,0,41069,6
1645578001,0,41068,4
1645581601,0,41072,4
1645585201,0,41072,4
1645588801,0,41072,4
1645592401,0.6,41124,40
1645596001,0,41072,4
1645599601,0,41072,4
1645603201,0,41072,4
1645606801,0,38522,5
1645610401,0,41072,4
1645614002,0,41072,4
1645621201,0,41072,4
1645624802,1.2,15606,34
1645628401,0,41072,4
1645632002,36,27890,133
1645635601,1.2,30649,7
1645639201,0,41072,4
1645642802,28.2,18437,70
1645646402,0,41072,4
1645650001,1.8,28846,9
1645653601,0,41072,4
1645657201,0,41072,4
1645660801,10.2,22278,30
1645664401,2.4,31260,8
1645668002,0,41072,4
1645671601,0,41064,4
1645675201,0,41064,4
1645678802,0.6,41127,40
1645682402,0,41064,4
1645686001,0,41064,4
1645689601,0,41064,4
1645693201,0,38515,5
1645696801,0,41064,4
1645700401,0,41064,4
1645707601,3,27287,11
1645711201,0.6,14862,33
1645714801,0,41064,4
1645718401,31.8,18978,70
1645722002,28.2,20296,65
1645725601,13.2,17517,39
1645729201,9.6,21961,26
1645732801,26.4,18483,59
1645736401,5.4,23204,17
1645740001,0,41064,4
1645743601,0,41064,4
1645747201,0,41067,6
1645750801,0,41064,4
1645754402,0.6,36211,5
1645758001,1.8,27588,9
1645761601,0,41072,4
1645765201,0.6,41128,40
1645768801,0,41072,4
1645772402,0,41072,4
1645779602,0,38522,5
1645783201,0.6,36218,5
1645786802,0,41072,4
1645790401,0.6,32973,6
1645794001,0.6,32981,6
1645797601,1.2,14817,33
1645801201,0,41072,4
1645804801,0,41068,4
1645808401,0,41072,4
1645812002,0,41072,4
1645815601,0,41072,4
1645819201,0,41072,4
1645822801,0,38522,5
1645826401,0.6,32973,6
1645830002,0,41072,4
1645833601,0,41075,6
1645837201,2.4,27289,11
1645840801,0,41072,4
1645844401,0,41072,4
1645848001,0,41072,4
1645851601,0.6,41121,22
1645855201,0.6,41121,22
1645862401,0,41064,4
1645866001,0,38515,5
1645869601,0,41064,4
1645873201,0,41064,4
1645876801,0,41064,4
1645880401,0,41064,4
1645884001,0.6,15908,23
1645887601,32.4,18090,92
1645891201,35.4,18796,96
1645894801,106.8,17284,258
1645898401,51,17862,114
1645902001,0,41064,4
1645905601,0,41064,4
1645909201,0,38515,5
1645912801,0,41064,4
1645916401,0,41064,4
1645920001,0,41064,4
1645923602,0,41067,6
1645927201,0,41064,4
1645930801,0,41064,4
1645934401,0,41064,4
1645938002,0.6,41114,22
1645941601,0.6,41123,22
1645945201,0,41072,4
1645948802,0,41072,4
1645956001,0,41072,4
1645959601,0,41072,4
1645963202,0,41072,4
1645966801,0,41072,4
1645970401,0.6,15708,23
1645974002,0,41072,4
1645977602,0,41072,4
1645981201,0,41072,4
1645984801,0,41072,4
1645988401,0,41068,4
1645992001,0,41072,4
1645995601,0,38522,5
1645999201,0,41072,4
1646002802,0,41072,4
1646006401,0,41072,4
1646010001,0,41072,6
1646013601,0,41072,4
1646017202,0,41072,4
1646020801,0.6,36218,5
1646024402,0.6,41124,40
1646028001,0,41068,4
1646031601,0,41068,4
1646038801,0,38518,5
1646042401,0,41068,4
1646046002,0,41068,4
1646049601,0,41068,4
1646053201,0,41068,4
1646056802,0.6,17606,19
1646060401,0,41068,4
1646064001,0,41068,4
1646067602,2.4,41261,39
1646071201,1.8,29625,9
1646074801,13.8,19294,39
1646078401,2.4,40462,15
1646082001,3.6,42232,25
1646085601,27.6,27181,79
1646089201,21.6,19075,51
1646092802,0,41068,4
1646096401,0,41075,6
1646100001,0.6,43854,10
1646103601,6.6,38148,59
1646107202,0,0,0
1646110801,0.6,41077,38
1646114401,0,41064,4
1646118001,0.6,36211,5
1646121602,0,41064,4
1646125201,0,38515,5
1646128802,0,41064,4
1646132401,7.8,22367,24
1646139601,15.6,14799,231
1646143201,18,4928,1223
1646146801,95.4,4079,3136
1646150401,217.2,28941,479
